24
0 33 15 18 23 20 21 11 9 7 10 19 10 9 27 18 17 25 29 12 21 24 14 1
6 0 3 17 5 1 3 11 3 8 3 12 3 2 15 1 9 8 17 11 2 17 2 7
12 23 0 23 8 7 6 14 9 14 9 18 9 8 19 5 15 12 14 17 8 21 6 13
8 27 9 0 17 9 15 15 11 14 11 20 11 10 21 7 6 14 23 14 10 23 8 9
21 15 18 24 0 16 18 26 18 16 18 27 18 17 30 16 16 20 17 21 17 32 17 10
5 22 4 16 12 0 10 16 2 7 2 11 2 1 16 2 8 9 18 10 1 18 3 6
6 17 16 24 2 16 0 8 15 13 16 25 16 15 28 14 14 9 19 18 17 30 15 7
14 22 9 25 17 9 15 0 11 16 11 20 11 10 21 7 6 14 23 19 10 23 8 13
3 29 6 21 14 13 12 14 0 10 13 22 13 12 25 11 20 18 20 15 14 27 5 4
21 36 24 22 25 21 23 16 18 0 20 20 17 19 30 23 22 30 32 5 17 17 23 22
15 26 14 14 14 10 12 20 12 17 0 9 12 11 26 12 11 19 28 14 11 28 13 16
6 20 5 5 5 1 3 11 3 8 3 0 3 2 17 3 9 10 19 11 2 19 4 7
18 32 9 20 17 13 15 23 15 19 6 15 0 14 17 14 17 21 19 20 14 19 8 19
16 27 10 15 15 11 13 21 13 6 1 10 1 0 18 13 12 20 20 11 12 20 9 17
14 21 13 25 21 9 19 19 11 3 11 20 9 10 0 11 17 18 2 8 10 2 12 15
7 24 2 18 10 2 8 16 4 9 4 13 4 3 14 0 10 7 16 12 3 16 1 8
8 25 3 19 11 3 9 17 5 10 5 14 5 4 15 1 0 8 17 13 4 17 2 9
25 36 17 24 24 20 22 19 22 15 10 19 10 9 27 19 21 0 29 20 21 29 16 26
26 37 14 33 22 21 20 28 23 24 19 28 19 18 33 19 29 26 0 29 22 35 20 27
26 41 21 29 29 25 27 19 23 28 18 27 12 26 25 26 25 33 27 0 22 25 20 24
4 21 7 22 15 14 13 15 1 11 14 23 14 13 21 12 21 19 21 9 0 23 6 5
25 19 22 35 24 20 22 30 22 27 21 30 22 21 34 20 28 27 36 30 21 0 21 26
13 24 1 19 9 8 7 15 10 15 10 19 10 9 20 6 16 13 15 18 9 22 0 14
11 37 14 28 22 21 20 20 8 6 16 25 21 20 33 19 26 26 28 11 22 23 13 0