48
0 16 12 4 10 9 8 8 8 2 10 7 13 1 6 3 7 7 2 5 2 6 8 8 6 10 6 10 13 3 14 8 8 8 2 5 4 8 11 7 9 8 8 8 5 7 5 4
12 0 18 10 17 14 6 7 11 5 20 9 14 12 6 9 9 15 14 3 14 10 14 12 4 16 9 11 24 7 14 8 10 6 8 16 4 12 11 9 7 11 6 11 5 10 15 14
12 5 0 14 9 17 11 7 14 10 10 14 18 13 11 12 11 16 14 8 14 15 14 17 9 19 11 16 6 12 19 12 12 9 11 16 9 11 15 14 8 16 10 11 10 12 17 16
12 14 14 0 18 9 5 6 12 14 20 13 9 12 16 8 8 14 14 17 14 12 6 17 3 15 16 19 20 8 14 7 9 5 7 15 15 11 14 8 6 14 5 10 14 17 11 14
11 14 9 11 0 10 7 5 7 1 14 10 15 11 7 7 9 15 12 4 13 11 9 10 5 14 2 12 15 7 13 3 10 4 6 7 10 13 16 8 8 10 7 4 11 3 10 12
5 17 17 6 11 0 8 7 6 7 15 5 15 3 8 8 4 9 7 10 5 3 12 13 9 15 11 13 18 8 16 9 5 6 7 10 6 5 13 9 1 7 9 11 7 12 2 9
13 9 21 14 17 8 0 13 11 14 18 13 17 11 15 12 12 13 10 12 13 11 17 15 10 19 14 14 21 12 23 14 13 12 11 15 13 12 19 3 5 15 12 17 14 17 10 12
6 19 14 10 16 12 13 0 14 8 14 13 15 7 12 5 4 13 8 11 8 9 9 14 11 12 12 16 19 5 19 5 5 2 4 11 10 11 17 10 10 14 13 4 11 13 11 10
9 20 15 13 6 16 13 8 0 7 17 16 15 10 13 12 8 14 11 10 11 7 15 13 11 19 8 12 21 3 16 9 9 10 11 13 13 9 12 14 14 16 13 10 6 9 12 11
13 15 18 10 12 13 6 7 6 0 16 18 19 14 17 9 9 15 14 3 15 12 11 18 4 16 14 18 24 9 15 8 10 6 8 16 17 12 15 9 7 15 6 6 12 5 15 14
2 17 12 6 12 7 10 9 10 4 0 9 8 3 8 5 8 9 4 7 4 8 4 10 8 12 8 12 15 5 9 7 9 8 4 7 6 1 5 9 8 10 5 9 7 9 7 6
8 12 14 6 12 8 3 3 11 7 12 0 11 3 8 5 7 9 7 6 5 8 8 10 7 12 8 12 18 5 15 5 1 2 4 7 6 10 13 4 8 2 8 7 7 9 7 6
10 16 13 10 16 12 7 7 15 11 16 4 0 7 12 4 9 13 11 10 9 8 9 14 11 11 11 13 15 4 17 9 5 6 3 11 10 10 13 8 12 6 7 11 7 13 11 10
8 15 17 3 16 12 8 9 10 4 12 8 12 0 5 10 9 9 4 7 2 8 9 11 6 17 8 10 15 10 13 7 9 8 9 13 3 10 10 6 9 10 8 10 4 9 7 6
6 10 14 9 15 11 6 6 13 8 15 3 14 6 0 5 5 12 8 9 8 4 10 13 10 12 11 15 19 5 18 8 4 5 4 10 9 6 16 7 11 5 10 10 10 12 9 9
9 14 9 10 18 18 15 16 15 9 16 15 19 7 12 0 13 13 8 12 6 12 16 12 13 7 12 16 15 12 20 14 14 15 11 14 10 14 17 13 11 17 15 15 11 14 11 10
8 18 14 11 12 11 11 3 11 10 12 11 11 8 8 5 0 9 10 13 10 8 10 10 14 12 8 12 20 5 15 5 1 2 4 7 10 10 15 10 10 10 11 7 11 9 7 6
9 11 17 6 11 11 11 6 14 11 17 16 15 10 13 8 5 0 11 14 11 12 12 13 9 15 10 12 22 8 10 4 6 5 7 12 13 8 6 9 9 11 2 10 6 14 12 11
4 16 16 7 12 13 12 8 7 6 8 11 13 4 9 7 5 5 0 9 6 4 12 11 10 14 4 10 11 7 15 9 6 7 6 9 7 6 11 10 13 12 7 12 8 11 3 2
10 12 15 7 16 11 3 4 10 12 17 16 16 11 14 6 6 12 12 0 12 10 11 15 1 13 13 17 21 6 16 5 7 3 5 13 14 9 12 6 4 12 3 8 15 15 12 11
6 18 18 9 14 15 14 10 9 8 10 11 13 6 11 9 7 7 2 11 0 6 14 11 12 16 6 10 13 9 16 9 8 9 8 11 9 8 12 12 14 13 9 14 6 13 5 4
2 18 14 6 12 11 10 4 10 4 12 9 12 3 8 5 1 9 4 7 4 0 10 10 8 12 8 12 15 5 16 6 2 3 4 7 6 2 13 9 11 10 6 8 7 9 7 6
8 13 8 9 14 3 11 10 9 10 18 8 18 6 11 11 7 12 10 13 8 6 0 16 12 18 14 16 14 6 19 12 8 9 10 13 9 8 16 12 4 10 12 14 10 15 5 12
11 24 23 15 21 20 15 13 19 13 18 16 12 12 15 14 10 18 13 16 13 9 18 0 13 21 10 9 12 14 23 15 11 12 13 16 15 11 19 18 16 18 15 17 13 18 16 15
9 11 14 6 15 10 2 3 9 11 17 15 15 10 13 5 5 11 11 14 11 9 10 14 0 12 13 16 20 5 15 4 6 2 4 12 13 8 11 5 3 11 2 7 14 14 12 11
9 7 2 4 11 13 8 9 8 2 12 9 13 1 6 1 10 10 5 5 3 9 10 5 6 0 9 11 8 11 14 8 10 8 10 14 4 11 11 7 9 11 8 8 5 7 8 7
11 15 19 12 20 16 10 11 15 13 16 8 19 11 5 10 10 13 13 14 13 9 15 18 15 17 0 18 24 10 23 13 9 10 9 15 14 11 19 12 15 10 15 15 15 17 11 10
10 15 16 10 19 14 6 7 13 12 19 7 3 10 15 7 9 15 11 13 12 10 12 1 4 14 10 0 13 7 16 8 8 6 6 14 13 12 12 9 7 9 6 11 6 16 14 13
7 20 15 11 17 13 14 1 15 9 15 14 16 8 13 6 5 14 9 12 9 10 10 12 12 13 13 16 0 6 20 6 6 3 5 12 11 12 18 11 11 15 14 5 12 14 12 11
6 20 18 10 15 15 11 5 14 8 16 13 16 7 12 9 5 12 8 11 8 4 14 14 11 16 12 14 19 0 20 10 6 7 8 11 10 6 17 13 14 14 10 9 11 13 11 10
6 17 12 7 12 8 10 2 7 8 10 11 16 4 8 7 5 13 8 11 6 4 5 14 10 10 3 14 18 7 0 7 6 4 6 11 7 6 14 10 9 13 10 6 8 13 3 10
8 18 13 12 16 7 15 2 10 10 16 12 17 9 14 4 6 13 10 13 10 8 9 16 13 11 14 18 19 4 21 0 7 1 3 13 12 10 17 5 5 14 14 6 13 15 9 12
7 18 13 10 11 10 10 2 10 9 11 14 10 7 11 4 6 8 9 12 9 7 9 9 13 11 7 11 19 4 14 4 0 1 3 6 9 9 14 9 9 9 10 6 10 8 6 5
7 17 12 11 17 10 14 1 13 9 15 14 16 8 13 3 5 14 9 12 9 7 8 15 12 10 13 17 18 3 20 3 6 0 2 12 11 9 18 8 8 15 13 5 12 14 12 11
7 15 10 11 16 9 12 6 14 8 17 14 17 8 13 1 6 13 9 11 7 5 6 13 12 8 12 15 16 1 21 11 7 8 0 12 11 7 18 14 10 15 11 10 12 13 11 11
6 13 14 7 5 4 4 8 7 4 13 8 8 4 5 9 5 13 8 7 6 4 8 3 8 16 7 5 15 9 12 7 6 7 8 0 3 6 10 5 5 3 9 3 4 2 3 10
8 12 16 11 13 11 7 6 7 1 17 5 10 8 2 7 7 14 10 4 10 6 12 8 5 14 5 7 20 7 10 4 6 5 6 12 0 8 7 9 8 7 7 7 1 6 11 11
1 17 13 5 11 10 9 8 9 3 11 8 14 2 7 4 7 8 3 6 3 7 9 9 7 11 7 11 14 4 15 6 8 7 3 6 5 0 12 8 10 9 4 9 6 8 6 5
7 17 16 9 15 12 11 6 9 9 14 10 18 8 7 10 8 12 7 8 5 8 9 15 9 14 7 15 18 10 4 7 9 8 9 12 11 6 0 12 12 12 5 10 11 14 7 9
10 25 22 14 17 16 16 14 18 12 20 17 20 11 16 13 16 15 12 15 12 16 18 15 16 20 16 17 23 13 24 15 17 16 12 12 14 9 21 0 17 15 13 15 15 14 15 14
13 19 16 14 12 15 18 12 6 13 23 20 21 14 19 7 12 8 15 16 13 11 12 19 17 14 14 18 22 7 18 12 13 13 6 18 17 13 14 17 0 19 10 16 12 15 17 17
11 10 14 10 11 6 1 10 12 10 19 11 14 9 11 12 9 14 11 13 11 9 6 9 11 19 13 11 20 12 18 8 10 9 11 6 9 11 15 2 6 0 6 9 10 8 8 13
7 18 15 4 15 9 9 4 12 9 15 14 13 8 11 6 3 12 9 12 9 10 10 12 7 13 11 15 20 6 13 2 4 3 5 10 11 6 9 7 7 9 0 8 12 12 10 9
12 18 13 14 19 8 16 15 14 14 10 13 18 11 16 15 12 13 8 17 13 11 5 19 17 22 12 18 19 11 19 17 13 14 14 17 14 11 15 17 9 15 15 0 15 19 10 10
8 19 16 12 18 10 12 5 13 10 18 12 9 9 9 7 7 15 10 13 10 6 12 7 10 14 4 6 19 7 10 3 8 4 6 13 12 8 6 8 8 13 11 9 0 15 12 12
11 18 14 13 15 9 9 10 9 3 11 14 19 12 17 12 12 14 9 6 13 12 6 19 7 19 13 19 20 12 10 11 13 9 11 16 15 10 16 12 10 16 9 1 15 0 11 11
3 16 15 4 9 12 9 5 4 5 13 9 13 1 6 6 2 10 5 8 3 1 10 11 7 13 9 11 16 6 14 7 3 4 5 8 4 3 11 7 10 11 7 9 5 10 0 7
2 14 14 5 10 11 10 6 5 4 6 9 11 2 7 5 3 3 4 7 4 2 10 9 8 12 2 8 15 5 13 7 4 5 4 7 5 4 9 8 11 10 5 10 6 9 1 0