24
0 36 40 18 67 56 83 11 20 42 40 58 11 9 43 79 29 83 76 35 33 60 55 1
25 0 42 43 41 1 3 14 59 17 16 94 14 54 91 1 30 85 20 63 20 26 23 16
55 50 0 44 96 74 6 70 23 79 25 100 69 13 45 5 88 20 14 53 59 68 16 33
8 27 95 0 66 69 49 15 49 14 75 49 0 48 90 21 6 84 51 14 11 66 8 59
89 15 73 24 0 77 82 96 23 96 65 88 85 28 60 48 16 20 17 62 98 34 64 10
73 95 75 19 48 0 71 64 34 0 26 18 12 1 87 2 8 52 28 13 1 55 98 59
6 85 47 92 2 45 0 8 95 46 84 37 89 18 53 14 79 9 33 64 44 85 73 99
31 22 11 85 87 74 87 0 16 42 75 74 45 84 62 100 6 59 62 94 53 81 89 13
3 54 50 39 16 65 78 67 0 39 85 69 98 55 74 91 83 35 28 60 91 94 5 90
50 89 55 22 96 26 47 16 79 0 37 20 97 19 66 24 83 40 73 5 17 17 30 81
84 26 33 40 90 25 62 59 29 70 0 9 74 81 75 89 11 80 98 14 41 87 55 20
55 28 16 5 89 1 3 77 85 83 34 0 68 11 28 70 17 71 42 32 7 70 41 36
94 93 78 81 55 13 99 55 26 19 6 97 0 40 17 24 22 27 67 77 62 78 8 49
0 59 26 25 99 48 13 40 64 6 1 99 1 0 33 88 52 66 58 33 84 27 22 26
90 22 91 92 45 9 74 36 62 3 33 88 9 59 0 21 66 100 2 94 73 2 16 30
96 43 61 60 11 2 61 76 68 15 77 31 60 63 14 0 14 7 66 33 46 88 1 26
76 71 98 23 73 32 81 0 92 21 70 81 34 40 64 1 0 66 42 71 93 19 54 44
30 52 22 79 59 24 40 19 53 71 82 44 30 9 36 19 75 0 0 76 48 83 16 27
26 95 14 78 89 31 99 42 48 45 71 47 100 18 78 38 0 90 0 47 29 100 74 82
83 93 68 29 77 36 76 19 35 88 48 0 12 41 25 68 52 82 35 0 22 25 99 24
6 21 59 59 37 32 49 81 1 94 14 70 52 79 21 52 65 62 72 9 0 25 33 94
55 19 52 60 44 52 40 81 64 86 21 62 69 57 91 29 47 38 37 69 52 0 31 52
43 76 1 19 68 76 95 48 35 76 93 93 38 29 55 79 88 58 75 79 87 33 0 43
62 83 70 0 79 89 26 20 8 6 16 65 38 29 46 34 43 94 40 85 82 60 75 0
