48
0 96 97 51 14 42 50 55 45 2 58 7 85 1 65 91 11 12 2 57 2 7 29 51 73 46 66 21 30 63 93 9 79 91 2 5 15 79 78 90 75 37 18 63 13 12 71 63
61 0 51 30 48 99 70 61 45 20 38 30 49 62 8 26 41 90 25 3 61 45 33 93 31 39 23 45 57 7 72 88 89 14 100 86 4 27 14 19 7 33 86 95 6 37 83 75
40 5 0 71 9 28 54 29 29 47 10 34 51 52 53 78 87 43 52 60 61 26 51 37 65 54 18 47 6 33 46 12 67 62 88 22 27 100 20 29 8 38 10 33 77 58 81 57
56 53 95 0 97 10 33 65 71 16 28 59 9 28 85 68 56 16 36 64 53 73 6 100 3 0 98 49 62 10 14 51 54 96 92 28 63 43 90 86 10 15 40 93 14 93 45 23
66 66 9 90 0 15 82 90 11 1 57 65 92 47 41 89 48 64 71 9 41 58 29 38 10 39 2 77 61 87 42 3 40 73 61 7 65 22 69 99 58 67 74 90 26 3 83 48
90 95 79 16 88 0 87 100 60 40 94 5 51 12 71 19 0 54 53 47 93 36 90 34 30 96 51 86 34 75 66 29 96 47 52 15 27 45 28 55 1 65 26 100 94 27 2 25
47 9 99 68 67 8 0 84 70 33 96 43 36 88 66 88 34 50 10 49 75 70 50 88 10 92 97 14 90 49 41 37 24 65 21 20 17 92 54 3 5 49 63 79 98 78 35 47
6 35 80 63 72 44 59 0 45 39 58 15 79 100 40 35 4 40 80 81 63 81 30 25 11 26 16 93 83 42 25 70 78 2 57 51 24 100 29 91 51 89 30 4 57 37 42 46
86 44 73 68 6 29 22 45 0 39 21 88 76 84 58 58 80 56 63 74 50 97 16 65 86 83 56 0 100 3 42 50 89 42 73 17 39 25 43 98 14 94 40 20 6 61 93 11
25 32 69 57 58 13 9 56 6 0 17 69 29 45 74 67 53 56 0 3 40 12 79 48 73 48 59 59 49 76 88 64 13 89 99 44 57 14 92 83 24 58 18 59 77 5 20 59
35 30 57 86 68 11 78 40 84 93 0 40 8 19 13 90 43 15 50 41 83 59 4 26 69 44 70 60 61 44 40 75 76 36 78 36 50 1 5 50 48 64 19 9 10 17 8 72
8 48 19 95 84 10 55 34 39 77 38 0 92 3 44 12 71 100 44 6 12 89 54 18 10 95 24 34 77 43 21 95 1 7 67 94 6 100 86 54 29 2 22 90 58 84 97 43
66 25 71 20 73 0 34 73 30 32 94 4 0 94 53 18 77 64 30 14 21 34 32 19 67 76 32 27 15 94 63 59 32 92 3 58 46 73 69 49 56 32 7 94 7 81 75 23
77 27 41 3 61 74 30 79 26 100 18 21 39 0 74 64 69 10 97 8 2 21 82 63 17 48 57 80 99 89 63 84 76 90 10 61 3 98 84 6 36 29 65 88 90 90 68 36
83 10 63 34 85 99 69 83 30 63 16 3 96 95 0 72 94 80 86 45 77 4 98 55 18 13 71 97 55 51 43 35 73 40 4 57 27 32 22 0 37 54 10 87 98 96 9 59
9 75 83 16 83 42 15 84 21 11 27 43 24 7 48 0 21 28 80 34 6 78 52 57 91 7 88 45 22 77 30 32 41 34 98 21 90 19 40 79 11 21 62 66 28 58 92 25
41 63 62 61 95 95 98 82 29 30 56 48 90 61 8 15 0 25 43 85 26 62 61 92 63 0 59 15 41 77 99 37 1 75 36 20 77 37 23 49 76 63 22 43 94 99 29 65
47 11 23 41 11 26 39 32 65 83 72 49 56 74 46 55 35 0 85 73 24 84 47 42 90 78 15 41 32 41 54 55 54 85 68 87 69 9 6 13 84 20 2 11 6 48 40 68
64 53 97 52 19 32 75 14 37 73 78 74 66 53 67 79 51 23 0 70 49 31 33 61 42 56 89 86 11 48 72 41 79 35 80 43 56 44 87 68 76 59 80 82 36 89 8 2
51 66 28 97 26 50 37 89 36 39 94 71 24 72 45 44 95 34 63 0 61 53 15 34 1 19 92 27 82 82 31 32 10 71 10 39 32 41 68 75 7 53 5 34 44 82 46 11
63 20 77 9 39 84 53 59 92 80 12 11 66 84 78 72 26 51 2 73 0 100 88 78 12 85 27 10 47 85 59 36 33 99 48 72 70 43 87 87 72 38 37 54 6 81 12 100
2 56 31 17 44 26 28 56 84 20 50 35 16 87 62 76 1 32 64 97 75 0 61 64 48 36 23 49 83 56 96 51 27 90 78 63 99 2 36 72 51 16 92 88 69 37 54 20
36 98 8 63 19 3 44 13 35 73 65 76 35 12 31 60 69 24 20 75 71 72 0 99 70 43 47 94 96 6 22 74 8 49 57 91 45 65 64 22 36 82 93 21 59 44 43 84
94 48 94 52 43 33 17 62 51 85 18 55 28 27 32 54 91 32 99 99 68 9 18 0 23 57 10 9 12 46 80 17 89 27 21 40 28 22 73 89 16 23 70 89 13 35 89 34
62 61 47 20 72 100 2 98 27 47 88 28 45 91 78 36 37 74 18 64 22 17 60 33 0 31 18 39 64 27 73 56 71 2 14 45 100 73 82 38 3 20 2 16 32 75 31 35
23 35 2 79 82 47 35 23 8 2 37 32 87 1 32 1 45 91 5 32 82 46 67 5 35 0 45 48 74 37 20 100 50 70 74 61 85 68 26 7 91 14 91 55 26 9 63 7
35 63 98 12 55 18 10 62 54 33 40 13 60 90 5 61 55 0 27 43 46 48 99 30 80 70 0 44 65 10 73 35 78 100 38 57 22 34 76 71 83 39 19 24 58 56 18 10
10 97 83 10 40 97 75 26 51 84 59 15 3 22 48 37 41 24 11 14 37 15 22 1 4 94 28 0 28 52 91 59 69 42 77 89 92 47 84 55 80 31 25 84 6 32 44 82
38 27 53 86 54 76 84 1 74 47 85 29 30 80 46 55 79 71 26 29 23 62 42 12 87 82 66 16 0 50 32 31 14 27 0 75 45 21 62 72 24 74 17 25 58 41 93 86
58 28 76 57 15 86 11 5 78 37 81 40 51 65 89 93 61 12 58 91 30 4 80 14 11 59 77 14 35 0 85 79 87 38 82 25 70 63 72 14 83 15 16 97 68 75 39 98
57 17 26 36 25 100 10 2 57 69 10 80 91 81 36 19 90 17 40 52 38 75 5 81 81 10 3 16 70 27 0 73 20 95 61 62 50 13 39 96 99 31 53 72 48 47 3 93
16 81 33 83 69 7 45 37 10 51 51 48 49 52 74 10 93 42 72 39 56 96 65 100 34 51 99 91 93 70 69 0 48 1 66 65 48 94 17 5 5 16 0 55 36 17 39 59
90 32 68 89 67 66 45 11 81 86 46 21 10 82 39 97 16 71 97 93 38 34 36 23 78 19 50 87 54 97 14 31 0 1 58 6 35 81 25 87 27 59 85 57 17 42 29 5
32 84 24 38 22 44 100 1 46 9 45 76 24 85 34 55 49 35 74 38 57 91 20 66 32 76 42 46 74 16 70 3 23 0 2 32 37 66 0 57 11 84 37 9 92 33 45 59
31 73 65 85 71 54 20 99 62 8 100 55 70 65 69 1 42 40 83 64 37 17 6 34 78 38 12 97 50 1 62 66 72 69 0 41 81 83 75 56 20 80 31 20 32 39 39 81
64 97 26 32 5 4 78 17 8 8 42 64 43 75 77 63 94 85 64 87 98 12 36 3 20 52 8 5 68 67 71 94 97 10 44 0 3 43 97 12 22 3 55 44 43 2 3 76
86 44 96 31 77 39 65 30 49 1 46 36 43 63 2 13 0 99 27 39 67 25 51 98 30 68 93 62 30 29 10 100 7 26 46 24 0 97 86 86 12 7 79 87 1 87 36 32
1 62 44 47 16 83 17 41 80 49 36 62 0 74 29 97 79 44 14 36 27 51 70 20 32 24 30 33 82 48 46 65 9 10 69 41 18 0 78 49 67 85 4 33 75 97 10 47
91 20 23 98 0 45 96 86 9 62 62 67 96 48 7 30 43 21 92 8 5 57 11 34 40 76 54 88 32 91 4 62 44 57 18 44 18 6 0 88 81 95 5 61 28 20 49 55
66 26 50 65 29 96 40 14 55 96 32 66 76 97 86 43 96 15 86 90 84 92 52 62 79 25 57 20 92 97 76 23 37 73 96 12 19 9 76 0 93 27 38 63 81 52 98 45
35 84 61 84 13 72 28 91 6 60 99 65 44 14 61 29 59 8 51 83 88 42 48 77 56 56 17 85 0 65 98 99 73 76 6 56 35 20 50 98 0 69 21 54 16 15 97 96
14 47 99 95 28 6 1 15 62 61 67 100 26 85 53 82 13 14 37 82 45 86 6 44 72 65 43 35 21 76 79 35 64 51 73 6 13 85 74 2 38 0 6 30 99 16 49 79
94 62 33 4 92 45 39 64 85 32 21 91 93 20 84 24 3 18 14 55 14 94 29 12 100 67 83 63 86 64 21 2 69 81 19 66 17 6 9 35 32 9 0 16 67 24 51 95
41 29 90 15 38 65 72 44 38 67 10 22 49 16 76 28 59 42 8 34 59 20 5 80 28 65 58 27 37 36 47 73 88 57 14 71 57 61 92 97 85 0 31 0 60 49 16 81
66 34 35 92 45 24 18 22 89 21 59 76 53 97 50 96 88 87 30 93 51 6 75 77 40 97 4 6 92 50 25 3 47 41 93 60 73 68 6 11 48 13 72 82 0 83 89 40
82 82 94 30 93 60 71 30 97 3 62 89 73 94 20 28 45 31 56 99 42 28 20 38 7 90 34 29 51 59 10 41 79 44 14 31 55 10 83 15 73 61 23 1 18 0 18 90
48 45 71 16 9 100 66 83 4 91 75 91 90 1 80 30 40 22 87 38 32 1 36 59 93 99 82 40 65 61 71 67 60 16 94 19 40 65 73 82 89 73 33 38 61 15 0 79
2 51 21 73 60 25 77 94 40 51 6 39 74 78 13 90 71 3 7 45 95 45 63 85 52 31 2 8 73 15 51 73 23 78 100 63 73 52 23 19 28 77 93 77 35 29 1 0
