96
0 84 100 69 39 55 97 60 53 69 29 5 62 36 51 59 15 18 47 43 58 32 84 98 81 11 49 94 25 9 15 30 17 8 3 85 89 61 11 67 59 34 33 33 23 23 11 11 77 85 54 5 64 29 18 28 27 96 74 99 87 58 73 46 67 95 30 74 13 98 9 85 8 65 40 40 92 59 33 11 67 42 21 26 70 32 62 52 38 48 2 54 12 23 95 71
10 0 58 92 29 88 76 6 93 87 71 42 15 99 20 73 96 84 46 63 92 60 63 68 85 45 62 85 20 25 9 5 25 42 16 96 92 71 41 4 46 41 48 3 7 4 83 97 20 56 89 64 78 61 56 5 26 38 50 11 91 74 85 22 45 58 11 36 8 75 14 84 8 65 13 66 0 31 63 47 65 6 47 69 83 39 87 93 37 9 96 74 26 83 67 79
61 99 0 9 11 69 88 80 71 6 78 65 11 70 63 27 33 45 42 43 66 40 60 81 57 53 14 86 56 24 77 57 21 39 82 52 98 53 11 84 9 25 74 84 4 19 43 57 32 8 99 66 83 71 100 24 97 20 23 90 91 34 55 67 96 88 90 41 19 77 88 43 68 24 72 91 68 38 46 27 81 42 17 25 40 71 53 8 100 91 19 54 24 57 31 89
55 98 68 0 15 50 66 23 87 11 90 19 9 83 37 46 79 48 42 64 89 89 98 46 47 36 55 31 19 33 78 45 43 53 72 83 60 49 15 95 94 7 14 46 25 62 87 11 92 99 90 100 20 1 5 56 32 7 72 3 8 94 58 5 48 53 82 56 84 62 33 25 7 76 70 47 64 73 38 44 97 65 49 59 23 86 0 21 38 96 77 43 83 36 58 35
1 65 47 11 0 21 42 48 49 48 9 55 50 51 71 53 27 13 79 27 53 37 59 56 16 75 53 36 30 25 69 8 26 53 85 70 77 61 5 84 31 87 5 91 91 67 1 27 78 58 62 69 2 41 10 17 19 7 84 41 28 14 40 61 2 34 44 80 31 0 31 73 10 59 100 39 68 72 9 48 24 56 28 65 59 40 83 69 63 81 14 64 49 92 99 94
18 46 79 67 29 0 43 1 62 75 17 55 52 62 13 66 8 85 59 86 83 42 68 73 41 78 68 13 94 42 95 41 25 76 62 77 23 21 82 72 78 59 24 36 69 80 15 91 20 35 91 71 23 55 54 40 46 4 75 41 35 81 72 15 9 28 97 57 26 98 22 39 6 2 39 35 70 58 18 29 31 55 71 3 66 62 1 61 62 75 45 4 75 42 78 96
54 94 99 48 66 11 0 56 60 55 13 96 17 76 78 31 46 82 17 91 79 47 88 1 10 94 95 17 48 28 7 93 82 81 11 36 95 43 10 17 9 37 30 80 70 95 68 32 51 69 94 72 20 45 66 0 66 50 100 43 20 45 18 14 64 50 75 5 13 21 68 100 80 66 5 35 7 96 28 53 95 63 72 56 20 29 24 16 27 73 56 94 45 65 54 39
31 12 46 1 55 27 82 0 92 51 51 85 92 98 44 55 54 81 29 45 91 12 71 42 77 56 30 0 77 83 60 78 48 84 71 20 22 46 7 77 94 75 69 86 96 61 6 9 14 40 23 61 18 54 26 57 47 89 25 20 83 16 68 85 80 53 69 44 35 40 0 73 68 43 87 92 77 79 15 19 11 83 18 28 98 78 83 62 42 50 97 96 67 43 81 15
64 9 73 45 93 51 2 49 0 74 58 21 80 23 53 52 1 92 50 14 64 15 63 30 1 94 69 36 11 48 57 9 72 48 29 51 27 59 34 80 100 86 33 25 5 78 60 58 74 21 53 41 92 8 25 42 45 24 25 42 17 78 86 25 33 17 79 58 66 89 64 74 4 41 77 19 44 88 19 48 88 38 78 41 96 31 31 99 99 100 85 49 37 53 39 98
45 44 62 73 48 62 36 17 8 0 98 62 83 39 74 41 73 100 53 51 37 85 95 90 48 65 95 71 6 4 29 17 55 7 15 2 52 60 40 22 51 95 37 27 30 38 42 34 93 63 62 60 93 11 18 11 51 91 81 17 26 80 42 47 53 76 25 58 87 14 23 76 32 55 80 44 73 52 3 84 41 2 99 80 58 81 4 99 52 41 50 5 34 12 12 65
49 8 24 78 27 15 51 79 37 22 0 1 78 25 38 57 37 2 0 35 59 1 9 36 50 9 6 31 86 66 5 64 36 91 50 66 89 11 38 82 8 65 2 10 34 9 8 17 46 99 81 73 40 31 16 72 96 78 7 78 28 75 12 60 19 95 76 41 7 60 90 16 39 63 91 78 63 4 93 28 86 1 89 89 97 65 9 11 63 82 50 26 81 26 23 5
2 10 37 6 5 79 71 79 88 62 13 0 40 55 47 96 5 7 35 71 42 96 98 29 77 57 29 58 46 68 84 86 39 98 75 30 7 59 60 87 70 78 70 36 21 99 55 48 67 0 93 38 16 6 54 73 30 22 15 34 34 25 16 79 52 11 5 54 58 93 43 34 5 47 51 7 24 38 24 32 47 22 20 87 9 74 21 27 100 38 38 95 95 57 33 5
39 84 44 1 38 41 63 13 95 54 31 77 0 41 64 7 79 12 36 75 46 98 1 90 88 70 73 48 63 84 50 57 45 82 90 9 4 55 0 68 92 7 13 62 46 81 47 36 49 31 95 79 5 44 70 87 56 34 69 35 82 56 81 67 54 8 27 74 68 94 67 9 30 2 90 14 96 18 63 54 18 20 91 80 80 1 11 43 36 61 38 75 63 45 73 20
44 76 34 20 98 93 83 20 12 15 4 90 75 0 92 47 21 17 36 92 37 32 21 96 74 47 58 90 73 24 84 4 14 39 58 37 59 100 79 29 31 56 57 1 97 45 52 30 100 13 94 9 98 5 85 86 40 26 17 18 100 84 4 8 40 3 98 75 31 55 36 89 67 52 76 85 40 82 6 86 32 43 34 100 91 35 69 27 36 14 94 29 86 15 44 92
51 5 14 87 75 82 18 66 18 81 67 0 45 0 0 4 85 74 63 78 96 13 86 1 52 33 19 55 35 22 97 84 34 87 59 46 24 50 66 38 71 81 44 23 85 4 73 79 0 86 90 24 3 69 81 34 31 46 41 90 20 21 52 88 73 22 34 62 53 19 36 17 40 32 43 77 66 68 84 43 47 54 0 97 32 22 51 15 48 66 8 87 55 10 9 59
94 86 66 83 39 6 28 34 19 52 83 70 6 27 94 0 42 6 95 94 1 32 96 10 39 19 10 2 13 80 0 2 87 91 10 35 89 27 2 35 81 47 7 77 69 17 97 11 33 60 58 87 79 53 67 23 43 40 22 90 81 15 32 60 94 88 38 23 39 24 70 90 46 28 94 42 50 84 28 4 59 58 31 33 61 68 56 16 44 72 12 76 53 2 67 62
72 21 47 15 62 92 14 46 99 96 25 19 34 17 27 73 0 43 5 29 72 80 12 82 35 3 91 8 96 98 26 71 94 96 30 27 62 89 45 64 18 99 100 40 24 36 14 86 51 34 3 46 0 93 60 29 40 78 31 17 81 70 15 16 35 52 12 96 33 54 95 18 23 36 33 77 67 83 60 88 50 95 12 37 98 49 21 65 15 0 34 11 21 86 64 23
82 55 78 65 25 7 74 18 46 38 81 35 43 58 8 19 15 0 37 74 22 74 20 90 31 10 2 66 41 33 11 11 98 4 52 44 77 32 87 53 36 40 76 35 0 8 23 41 21 51 31 42 52 52 100 31 31 27 34 53 30 44 97 47 14 26 68 60 66 89 18 39 17 35 43 13 14 51 92 51 23 34 28 33 14 18 91 91 75 71 53 43 92 12 60 86
29 77 19 15 58 18 39 91 15 82 99 90 86 95 45 4 46 33 0 89 56 72 76 15 70 11 35 98 74 75 99 32 6 43 47 43 23 23 1 66 87 45 10 28 22 87 78 44 1 100 7 31 55 16 63 7 63 44 72 76 77 45 51 25 41 51 39 87 89 15 77 19 84 20 8 81 96 98 9 44 95 25 13 48 20 36 29 73 34 90 45 87 65 31 73 19
83 41 96 26 61 23 23 99 80 94 49 1 10 54 69 85 53 30 100 0 55 29 92 88 25 47 7 64 11 30 86 19 68 96 81 67 78 40 74 86 28 73 19 79 18 36 8 35 44 36 9 80 100 95 72 22 41 75 41 94 15 39 36 81 10 83 14 14 40 59 93 70 62 25 33 58 23 74 40 40 17 66 76 53 66 2 31 48 58 71 3 85 35 12 57 18
71 11 24 55 21 13 52 20 67 95 18 57 4 61 32 96 65 76 53 84 0 41 41 40 8 87 39 27 56 68 43 11 14 20 56 19 58 53 14 17 73 41 5 73 87 34 25 30 24 95 15 47 18 87 94 7 39 4 86 7 15 89 5 41 75 43 57 42 65 43 97 62 70 93 52 45 95 52 58 32 76 100 12 76 6 76 40 14 47 75 27 37 64 3 13 83
23 1 17 86 20 90 64 100 89 23 59 7 62 72 63 86 40 30 86 8 86 0 0 36 34 20 31 84 70 20 50 25 26 94 22 28 7 93 76 95 9 19 22 45 89 48 45 76 45 47 54 72 90 82 53 75 62 7 100 35 89 62 58 61 85 38 94 100 16 12 65 69 34 87 57 84 19 58 99 38 18 32 64 7 20 69 100 62 84 77 67 72 72 90 13 30
4 62 54 46 92 34 58 17 68 56 55 54 69 43 87 4 72 17 60 6 4 75 0 24 1 39 44 15 64 76 61 7 96 98 58 13 37 38 76 41 82 25 86 76 82 58 66 100 33 10 7 27 14 30 92 53 61 93 47 24 15 66 86 78 75 48 20 20 68 63 25 98 95 89 99 21 52 87 36 47 94 59 37 71 56 85 49 27 58 35 66 72 98 64 24 5
48 57 84 47 44 8 6 45 8 35 99 92 93 25 87 78 65 76 79 2 21 88 33 0 95 65 41 46 70 77 87 47 85 43 99 21 96 100 79 26 28 39 14 20 39 100 56 38 37 8 5 83 27 86 48 32 90 95 44 27 41 4 100 66 39 65 100 29 49 59 44 86 94 9 2 17 1 4 42 77 53 65 53 35 50 84 26 82 69 4 9 27 65 42 74 52
10 45 92 15 83 62 88 55 94 34 44 71 53 23 83 64 46 36 26 9 13 82 79 90 0 55 23 93 26 99 11 9 43 27 33 33 50 22 7 55 25 42 77 43 3 43 82 32 39 99 98 27 84 13 20 16 7 73 41 43 42 27 78 78 44 43 66 52 39 58 2 20 66 57 62 20 93 5 27 42 6 58 61 96 79 22 38 70 88 82 83 8 42 1 100 25
30 80 83 5 84 17 56 23 6 67 31 79 33 24 62 90 53 49 45 18 47 92 81 88 59 0 60 37 67 44 30 18 14 83 86 74 45 100 51 1 13 79 17 10 34 22 1 18 9 92 34 99 19 55 61 75 76 83 15 11 21 98 33 11 30 40 48 54 18 95 61 58 6 35 29 17 15 0 21 20 17 35 70 2 17 64 12 54 40 47 80 83 20 47 8 100
59 48 40 86 74 95 2 1 14 54 10 24 10 79 67 50 56 91 7 97 66 14 93 98 12 33 0 15 38 43 51 97 67 51 88 67 26 98 50 21 40 82 87 96 27 30 7 90 20 57 78 91 71 53 100 89 46 98 84 48 31 95 92 6 88 20 53 26 70 21 79 1 2 85 46 27 16 80 27 55 36 94 44 40 64 60 84 4 29 10 97 47 81 31 79 53
66 68 97 80 69 83 92 76 96 33 5 9 13 89 15 28 70 58 28 52 69 58 3 15 54 86 88 0 12 44 1 71 5 78 12 15 66 7 39 23 71 52 62 31 4 81 80 49 32 73 31 65 61 45 27 71 55 49 75 25 41 29 2 83 34 57 96 83 3 73 76 31 39 96 11 16 92 10 5 65 66 92 16 81 54 63 94 95 48 99 66 32 53 1 85 62
84 96 5 57 40 70 47 77 69 85 48 69 1 13 98 73 74 85 54 43 21 65 85 33 3 65 8 71 0 51 49 34 34 80 47 0 56 91 20 39 90 10 80 15 57 42 40 46 92 27 71 3 24 7 90 13 21 32 98 54 57 8 39 58 63 0 64 16 25 44 30 36 55 46 4 37 14 86 34 25 10 49 40 61 79 60 7 28 48 24 46 63 28 86 11 27
20 36 50 88 22 41 28 67 97 64 58 66 12 8 35 80 4 66 33 46 49 95 91 100 36 89 51 12 67 0 90 75 31 2 79 39 51 75 42 11 2 94 8 27 70 68 67 85 94 76 45 54 78 49 12 21 73 76 5 18 28 75 10 75 95 67 1 10 96 0 96 15 90 73 18 65 98 8 97 34 64 17 20 62 14 23 62 70 75 11 40 1 65 11 6 85
85 63 11 44 20 46 52 21 49 46 84 7 80 80 50 84 96 50 23 34 12 58 67 57 84 52 29 82 70 5 0 57 54 9 61 42 45 78 26 20 9 79 86 4 41 89 48 11 3 8 50 48 11 8 14 68 29 65 28 71 100 48 98 77 73 19 77 45 62 49 42 22 35 70 11 78 91 55 43 78 70 93 80 55 54 43 31 82 31 29 97 87 27 55 5 22
86 99 39 48 4 0 85 14 80 80 31 45 20 99 49 82 30 3 14 79 59 71 42 0 79 13 41 51 93 83 50 0 73 100 25 1 58 41 82 3 8 60 65 87 75 58 97 0 88 40 40 60 42 67 71 18 96 22 13 62 52 25 38 0 87 100 92 38 66 19 37 4 50 74 81 19 79 3 49 34 90 55 87 85 51 80 1 87 72 11 27 87 50 37 9 89
22 91 72 19 24 65 22 89 91 81 63 92 62 29 91 89 14 70 75 59 89 36 28 36 30 24 93 0 34 21 77 34 0 21 57 98 20 83 58 86 54 14 31 63 19 34 88 64 92 94 29 90 87 2 22 98 87 73 10 80 73 36 90 70 3 64 49 44 7 14 91 29 55 62 11 49 28 58 12 7 44 38 87 34 73 67 55 8 37 98 76 34 5 22 70 24
78 18 74 7 78 91 80 58 26 87 100 1 42 95 56 86 29 44 76 33 80 24 80 30 43 82 96 94 37 43 98 45 54 0 6 72 9 82 100 66 65 70 97 81 97 73 76 20 89 93 53 61 80 13 64 59 94 61 51 31 46 58 96 77 44 57 46 71 11 9 3 62 76 81 3 40 88 69 74 86 59 87 83 37 33 29 23 5 72 66 51 79 34 58 33 12
74 64 41 30 93 73 7 38 4 23 21 45 75 2 95 31 90 72 66 25 33 27 83 2 9 98 47 70 16 13 98 88 2 64 0 25 20 38 39 90 57 6 52 47 43 61 36 95 27 73 61 93 40 6 11 72 0 51 84 17 35 66 13 84 28 98 91 13 19 13 24 73 10 56 75 17 55 15 100 67 65 23 16 52 97 89 72 44 33 43 12 47 56 40 8 22
13 48 19 0 84 68 80 26 16 28 1 25 65 61 32 33 94 13 68 82 5 70 95 42 29 56 1 32 36 26 30 37 76 41 62 0 82 79 90 54 49 83 38 93 71 70 98 65 68 97 38 94 5 65 28 25 100 90 4 2 75 55 24 80 69 27 32 90 53 59 11 0 5 67 80 76 74 17 34 75 10 24 99 79 8 69 75 74 61 36 72 84 76 12 51 39
46 0 3 7 80 52 41 41 81 63 10 51 67 54 20 86 64 76 97 1 10 28 16 87 45 87 14 55 32 31 35 37 22 47 68 53 0 15 65 30 54 54 66 21 63 19 11 17 98 6 61 62 27 29 47 2 51 76 66 91 53 4 85 41 83 36 51 21 40 99 63 42 32 20 27 82 55 43 10 67 33 20 11 84 83 83 11 13 58 13 96 60 97 4 60 71
42 98 84 49 38 13 81 41 10 11 78 55 88 29 49 60 62 3 55 41 61 65 53 44 91 52 41 42 18 78 44 25 87 34 46 76 37 0 78 25 70 43 76 48 91 30 75 45 55 2 65 61 56 65 57 96 86 19 74 76 40 95 32 73 1 49 1 39 43 8 36 82 47 76 16 79 22 21 3 22 54 60 24 74 56 7 21 50 92 35 58 22 18 2 70 100
67 35 47 60 17 66 71 98 80 96 59 75 6 70 37 61 88 40 81 18 57 7 59 38 0 40 19 28 42 93 63 13 53 12 70 59 58 19 0 41 62 86 81 57 10 78 83 24 15 95 22 77 34 63 84 69 18 50 36 80 78 75 91 62 51 95 52 56 31 6 49 20 15 20 71 69 86 26 63 14 85 2 72 87 75 60 59 62 11 14 40 61 90 51 70 38
12 65 58 89 41 23 80 97 47 29 91 24 83 39 90 30 23 98 36 34 95 92 98 24 89 85 54 89 21 80 55 97 98 33 80 39 82 7 77 0 36 26 57 21 0 58 11 34 68 9 6 48 79 13 79 21 99 35 34 31 98 51 22 93 61 9 32 48 3 80 5 21 66 22 7 45 37 72 30 78 63 11 18 62 6 77 94 75 46 48 8 34 51 70 64 50
42 48 4 4 81 96 24 34 73 46 27 1 66 66 57 10 90 48 19 15 4 45 10 39 31 56 3 5 87 82 29 26 2 47 35 4 65 51 19 74 0 52 77 57 1 75 46 29 50 91 68 0 4 4 84 4 7 26 35 52 58 80 31 72 94 70 60 56 56 82 46 75 6 37 66 61 58 30 13 90 61 32 10 4 68 88 21 83 7 76 3 78 86 8 69 87
79 10 94 40 89 63 25 34 32 97 77 15 14 15 66 75 7 53 57 9 40 20 65 63 48 99 54 80 92 82 11 36 14 60 74 67 94 71 8 84 23 0 70 77 49 24 55 74 48 77 34 87 74 45 52 100 96 69 93 78 22 49 70 45 100 89 46 10 60 97 63 46 73 47 31 49 49 22 78 61 0 99 52 74 48 69 25 18 88 68 28 18 61 72 75 71
67 26 33 57 77 98 11 34 6 93 90 83 17 37 12 2 99 76 57 36 29 98 93 34 36 84 22 61 6 88 14 89 31 90 90 48 73 86 59 74 8 88 0 21 4 92 32 74 41 20 56 14 51 27 83 87 11 51 41 58 14 72 53 4 44 7 13 100 10 11 81 9 79 43 75 59 10 80 45 36 27 76 18 20 95 96 1 85 1 45 94 90 60 87 92 64
78 20 3 37 39 24 92 77 81 19 71 62 65 45 97 73 12 69 78 74 17 73 22 70 99 79 83 6 88 76 26 40 52 86 14 92 38 58 23 24 0 7 46 0 67 6 48 92 96 33 89 11 6 6 6 11 5 68 87 93 68 56 63 85 61 10 24 95 34 32 92 80 99 12 16 65 61 89 65 86 30 72 66 92 30 65 65 0 56 35 30 72 29 50 25 73
15 93 73 6 38 34 59 100 54 80 46 23 95 14 9 44 77 3 35 3 36 56 44 93 9 5 52 66 81 31 32 91 71 47 18 56 96 24 4 63 21 80 73 19 0 49 33 67 56 60 89 90 67 48 18 66 71 57 56 73 27 100 93 75 24 28 71 87 84 90 89 70 15 0 28 88 99 21 1 17 48 96 11 84 42 93 0 23 12 13 1 55 48 10 36 24
55 38 29 57 37 81 65 10 84 62 46 26 29 84 91 44 20 64 92 36 33 40 22 61 47 67 39 6 55 27 47 17 35 37 37 36 81 56 87 35 85 23 27 0 33 0 24 88 22 12 69 75 11 4 81 51 27 87 1 29 21 58 68 67 26 63 47 10 61 46 88 42 18 57 28 35 91 54 2 82 2 61 8 91 11 52 98 24 79 25 75 27 43 50 24 10
8 88 29 98 17 32 80 35 63 79 41 53 7 79 7 9 98 51 92 23 62 18 40 4 11 49 40 70 6 23 33 19 12 3 52 0 97 84 78 42 60 94 99 28 25 52 0 13 58 32 5 60 93 39 63 40 27 59 22 35 11 92 62 48 27 59 90 25 32 93 11 65 56 96 51 80 39 94 5 40 28 33 21 97 42 6 32 65 55 16 84 3 82 31 44 25
11 19 84 23 27 39 62 90 69 57 16 98 7 3 7 67 78 96 98 53 91 86 0 40 17 75 17 63 36 47 23 13 72 22 63 99 75 88 46 2 79 34 41 0 15 87 79 0 10 100 97 7 85 80 64 19 56 48 64 75 27 58 18 59 1 79 45 54 41 94 49 54 77 45 100 37 26 7 90 75 46 41 3 87 82 68 47 29 5 32 68 14 80 79 13 67
15 98 89 40 66 25 24 80 99 36 58 31 17 78 50 57 83 58 44 95 31 69 94 5 6 36 31 87 2 56 87 46 45 46 58 36 21 73 63 2 25 37 69 68 9 85 26 49 0 60 2 96 34 39 50 11 6 15 99 51 7 36 31 23 70 36 92 88 43 71 74 8 97 9 69 68 68 27 56 73 98 93 91 74 45 82 81 10 84 28 58 41 17 96 67 10
64 23 5 17 22 70 22 98 30 88 6 3 85 98 7 47 74 85 65 59 81 23 100 63 14 21 36 88 84 69 36 53 48 2 81 71 53 22 30 29 0 7 47 72 90 100 38 8 46 0 80 41 53 68 95 77 81 74 27 14 55 47 97 62 49 53 34 86 23 77 26 82 65 28 46 35 55 8 79 56 87 33 15 69 93 33 85 79 38 78 50 30 93 73 56 85
51 32 61 9 19 47 72 62 56 18 28 98 77 79 57 18 82 16 7 40 64 19 49 27 47 68 46 77 29 61 86 27 9 21 41 49 60 32 57 59 58 8 38 8 91 0 40 12 76 31 0 18 41 96 97 46 40 21 70 77 43 34 100 40 19 46 54 97 69 46 5 20 72 54 77 63 50 52 92 34 5 18 7 8 10 69 3 16 2 27 55 8 91 94 94 97
9 88 69 1 38 26 81 24 79 29 20 95 74 76 26 41 80 93 21 52 39 16 20 6 100 46 24 72 9 47 45 9 93 47 47 39 61 99 49 86 62 38 24 16 13 59 95 54 32 56 83 0 83 6 16 93 34 72 7 43 77 31 41 11 11 83 84 21 86 4 14 76 3 80 85 5 31 4 4 22 2 79 86 48 99 90 38 95 24 70 63 30 30 87 18 50
68 84 93 97 51 78 90 63 49 79 37 75 13 65 28 32 57 53 96 69 11 42 41 54 46 64 86 71 63 41 85 29 38 33 79 30 39 58 24 32 7 92 68 22 56 3 67 8 53 33 55 18 0 26 90 63 2 14 59 16 96 52 80 14 55 20 22 38 31 73 100 81 59 37 22 47 85 76 49 79 21 62 46 76 67 25 82 69 78 4 83 49 21 8 18 65
8 94 24 19 7 97 15 48 81 95 79 58 64 34 23 49 25 59 64 65 88 17 49 36 34 42 20 62 81 64 15 11 96 67 57 43 49 56 87 18 36 78 27 68 16 53 48 22 18 64 80 30 89 0 20 65 76 67 97 30 30 21 62 52 52 23 27 37 76 100 59 59 96 33 34 68 81 90 90 84 64 26 14 29 54 4 78 72 85 98 23 22 34 92 7 58
36 17 61 50 29 74 24 75 43 3 98 49 23 18 65 72 96 19 55 65 12 92 16 98 9 58 98 12 2 95 77 52 99 12 22 4 32 36 57 93 4 65 92 51 69 41 29 63 50 72 52 7 92 22 0 99 11 68 18 86 27 48 40 10 30 12 65 80 26 25 27 46 94 38 38 9 91 2 4 60 1 56 54 99 54 7 46 93 6 79 76 85 46 69 40 59
27 74 8 62 68 73 14 11 95 93 3 73 43 82 92 31 24 78 48 91 50 79 91 67 73 38 59 30 36 21 100 88 85 88 85 23 24 78 66 42 26 25 24 9 24 9 92 26 56 13 63 1 85 97 35 0 13 39 54 30 37 11 44 3 2 57 6 25 51 52 82 99 85 29 90 98 48 23 71 36 52 99 60 11 7 79 19 59 65 71 28 73 6 17 54 11
8 29 39 66 71 37 31 77 57 77 36 94 70 29 61 79 6 3 54 24 68 27 28 73 88 81 46 12 63 71 20 51 18 10 75 26 55 39 51 55 24 51 26 30 98 1 38 12 26 6 88 49 31 23 74 61 0 92 20 18 29 78 72 64 68 89 84 17 72 46 67 91 25 26 78 9 22 39 49 46 84 76 31 71 19 9 86 97 19 21 30 32 6 12 43 92
80 19 40 79 27 17 52 31 38 35 81 37 14 12 93 14 21 51 74 60 27 45 65 99 8 98 38 70 40 65 90 10 33 38 27 16 32 41 24 79 22 27 19 22 28 95 95 86 15 77 37 43 35 74 13 18 19 0 100 25 33 24 47 91 88 94 28 81 36 24 67 14 8 4 50 10 71 35 73 43 79 92 75 35 19 45 31 17 66 51 22 19 44 4 72 18
41 30 93 86 95 46 92 96 80 82 7 42 26 86 73 27 50 14 69 93 8 0 94 9 93 66 38 36 50 46 71 59 88 10 61 86 42 54 51 5 83 57 4 57 45 57 82 14 90 35 17 77 55 22 16 89 14 31 0 93 37 40 87 1 26 49 62 81 14 97 48 75 1 44 79 84 58 38 61 22 67 51 4 52 34 28 93 82 46 91 13 32 14 19 96 48
60 0 21 77 81 28 85 83 10 37 96 85 14 11 55 70 52 91 48 55 24 40 45 55 91 9 65 97 36 13 14 44 21 38 29 93 75 53 11 96 44 50 58 5 39 16 16 49 68 23 48 8 75 24 48 2 78 54 27 0 67 5 34 41 79 9 48 58 60 29 93 10 0 92 20 19 54 10 63 2 53 39 88 68 68 84 63 51 15 91 31 98 71 10 21 51
87 88 23 38 97 17 33 85 10 56 19 32 57 12 56 92 52 31 40 86 4 65 50 2 47 74 76 40 18 24 36 66 63 12 56 42 3 56 50 1 5 67 92 83 75 58 13 8 26 82 91 76 19 52 85 56 20 14 27 93 0 41 85 18 20 18 47 28 8 86 50 93 43 78 77 26 29 20 98 35 33 79 0 21 93 3 45 19 70 28 88 83 74 94 71 63
85 72 17 93 99 11 5 89 6 11 62 98 75 2 41 68 56 68 10 93 59 89 68 94 100 14 34 65 28 84 17 88 52 99 76 68 9 80 90 19 100 95 61 26 50 78 85 70 52 90 30 51 36 37 13 77 35 31 75 76 100 0 10 77 62 33 2 28 60 82 23 97 71 6 69 63 9 34 26 60 45 87 98 5 13 17 16 67 90 16 3 48 8 16 20 0
74 2 84 53 99 99 96 55 30 56 74 68 77 32 59 81 15 57 10 65 0 46 66 49 21 89 78 79 36 55 49 6 11 63 16 32 36 73 71 63 64 71 37 12 65 49 76 23 43 21 37 63 17 36 18 3 42 66 76 6 73 32 0 98 36 29 22 15 28 50 49 2 2 46 44 96 52 69 65 16 90 39 90 0 74 3 82 25 38 37 70 78 90 50 98 35
50 2 75 4 50 52 1 49 10 27 14 23 25 21 17 66 39 9 4 23 0 19 92 69 20 30 43 21 17 70 78 26 88 97 18 60 86 97 49 17 53 73 9 91 1 74 48 38 46 31 79 7 8 14 78 34 48 68 96 33 59 39 1 0 74 67 47 67 24 80 35 85 10 57 79 60 70 42 84 58 66 58 32 18 82 72 38 19 56 23 13 30 87 18 56 46
19 98 74 61 61 49 28 86 4 14 45 56 46 67 78 2 60 68 90 59 71 93 62 93 87 23 89 53 99 19 99 67 70 54 63 7 7 37 4 63 44 93 93 60 95 79 51 57 46 37 49 45 40 94 100 69 70 45 52 20 30 69 79 98 0 47 71 44 3 82 42 13 42 68 77 82 15 64 40 36 58 56 63 13 1 94 20 23 62 87 58 95 56 71 84 16
19 59 19 100 32 5 84 76 23 45 74 1 75 99 80 36 74 80 62 15 15 94 2 18 86 75 20 97 15 19 84 4 89 100 82 64 93 39 49 64 72 94 84 93 15 44 12 6 98 63 18 17 77 87 64 66 73 72 66 19 84 15 41 63 56 0 25 70 89 63 53 40 51 17 9 44 18 98 5 64 23 22 77 97 92 20 45 91 67 59 13 46 52 18 39 19
90 13 72 11 79 30 87 2 44 25 3 43 41 1 84 50 33 18 66 17 76 29 24 42 71 79 57 11 16 88 99 63 53 79 68 90 73 63 43 100 49 55 97 69 77 9 42 4 13 69 47 30 100 74 10 75 68 12 26 58 90 45 21 25 79 96 0 44 83 18 0 54 3 100 78 76 38 35 28 98 5 68 0 27 3 5 19 61 52 70 72 47 9 56 77 11
81 59 69 42 23 62 19 73 61 52 82 62 29 1 0 94 98 76 80 59 39 3 53 19 20 1 71 22 34 8 79 53 53 99 28 74 79 32 13 74 17 100 36 33 51 1 25 45 55 93 47 91 6 22 10 14 81 19 77 67 22 13 75 91 64 16 47 0 77 88 58 44 33 57 78 12 40 57 29 13 92 52 56 81 76 100 81 82 53 100 58 98 46 61 93 55
3 78 55 86 13 23 6 83 42 44 50 17 51 29 92 39 42 70 24 95 4 98 88 43 44 82 36 99 36 35 62 90 45 53 48 13 62 80 3 1 5 15 95 54 20 53 91 22 21 14 79 93 69 12 18 58 87 21 91 97 49 94 86 94 14 89 68 79 0 60 37 68 64 29 3 95 0 48 57 4 56 52 82 3 31 100 5 23 82 62 50 100 61 19 16 94
30 39 11 84 59 97 28 4 11 34 49 16 26 53 40 13 48 21 22 64 69 74 44 56 70 42 23 83 42 21 97 98 15 6 83 18 12 59 27 11 92 70 99 30 54 38 29 34 76 62 88 60 98 48 11 67 97 67 44 25 97 44 22 4 45 41 18 95 12 0 66 12 0 14 14 27 75 64 70 77 16 29 52 87 94 28 38 29 22 77 41 60 5 56 50 98
88 1 92 63 85 64 91 31 93 70 63 78 9 55 40 12 2 71 28 23 16 93 45 3 67 9 70 43 65 74 2 88 61 6 37 38 97 48 50 32 3 44 6 66 78 45 86 83 95 99 26 28 49 76 36 21 33 43 41 51 77 82 92 58 80 41 28 60 79 97 0 99 86 66 24 78 59 9 8 87 23 40 15 30 31 35 43 98 67 98 2 76 8 69 73 64
63 33 50 7 93 34 9 94 22 7 25 49 68 2 83 50 80 68 83 52 4 37 78 26 78 36 33 95 11 8 81 18 2 8 70 11 3 57 39 95 47 9 42 50 39 19 22 15 31 41 16 67 50 44 45 35 16 28 31 34 45 58 67 57 33 31 32 70 42 81 62 0 95 40 24 96 21 24 55 48 91 23 0 31 36 14 22 29 98 49 100 45 34 43 45 40
67 12 40 92 48 43 96 88 64 72 15 0 77 46 76 43 75 10 10 5 3 15 81 70 81 16 100 49 21 98 89 58 5 6 82 23 27 32 83 5 26 79 37 17 87 60 50 76 10 73 31 36 91 56 21 32 41 38 8 60 70 15 28 8 73 95 60 29 42 51 67 59 0 15 90 85 78 68 85 93 37 1 11 54 12 13 46 7 64 75 36 27 87 37 15 41
100 45 55 59 76 98 43 25 91 51 16 51 12 72 17 82 16 28 7 95 35 91 13 82 53 45 67 47 4 66 44 57 59 64 41 82 0 2 69 48 7 33 68 89 16 79 18 56 2 96 4 51 93 46 4 62 1 58 68 82 98 7 55 97 30 54 42 15 46 1 38 84 78 0 62 22 68 12 2 11 79 71 70 7 50 12 84 100 78 72 98 1 6 98 60 28
33 13 51 1 24 41 65 21 100 91 24 77 100 12 66 71 6 37 45 90 57 7 15 75 85 37 88 13 80 78 7 1 45 19 11 56 99 2 54 10 51 94 81 49 15 29 7 96 69 56 53 21 60 21 16 76 79 73 94 6 87 99 11 87 33 80 85 1 73 88 36 83 65 89 0 65 39 95 63 93 25 43 36 53 54 6 95 62 69 5 37 27 62 84 29 23
80 82 74 1 96 88 55 92 92 77 92 57 22 33 23 2 81 9 91 8 20 58 51 65 5 37 41 84 15 81 28 25 34 100 63 44 85 97 32 43 55 7 15 23 38 3 100 1 84 64 8 3 72 61 17 81 78 42 13 83 23 50 73 92 88 44 70 36 4 16 94 57 66 74 7 0 86 82 50 54 97 64 62 63 45 19 39 87 87 95 42 8 94 65 50 56
22 53 58 12 11 61 4 91 77 21 39 99 2 0 9 44 82 9 78 38 0 74 35 52 70 50 88 61 21 64 95 82 82 88 25 91 16 5 18 26 45 32 53 23 63 85 49 31 80 92 11 80 33 14 87 50 7 19 74 25 94 37 90 90 90 88 68 46 53 72 87 29 10 66 11 32 0 4 95 51 36 36 49 72 73 45 99 73 55 49 83 65 78 75 34 40
43 32 44 78 52 81 18 83 78 33 13 90 75 70 0 64 11 29 54 92 42 13 84 61 70 100 62 25 22 65 57 33 29 66 61 54 72 9 40 5 84 80 44 19 70 70 21 68 33 2 37 31 7 19 2 100 45 92 5 20 78 17 65 87 61 28 63 16 96 20 85 24 31 43 13 56 74 0 25 38 14 100 86 28 65 74 68 72 59 18 92 21 65 64 81 12
62 39 42 35 55 38 7 77 91 31 33 79 88 88 20 27 91 14 59 7 65 92 38 59 5 94 87 14 91 36 46 38 85 92 35 62 28 0 33 4 20 33 60 23 32 65 26 38 97 79 84 21 48 64 56 78 29 76 61 36 58 50 98 26 35 34 63 25 14 37 66 54 24 65 53 95 62 83 0 84 2 21 42 54 25 43 34 5 51 5 58 85 79 28 67 1
54 99 61 80 26 67 86 7 11 33 67 0 91 1 86 97 77 72 65 15 34 1 71 92 51 60 58 45 83 67 9 22 99 67 51 70 36 88 68 46 55 21 44 82 52 24 69 88 96 37 89 98 59 4 20 98 45 39 36 37 87 3 21 58 50 20 72 19 100 48 31 49 24 38 4 19 37 80 15 0 24 0 95 25 69 83 79 63 8 81 24 20 61 87 70 20
87 73 70 85 0 74 33 3 91 6 15 10 5 22 92 17 16 69 25 47 21 64 12 54 67 17 7 17 67 4 69 4 78 65 93 69 31 89 33 92 84 50 27 20 32 55 57 36 77 48 54 95 23 52 41 32 56 44 34 71 11 51 30 40 78 27 52 31 2 47 62 82 20 92 52 29 61 19 85 18 0 15 68 96 39 18 46 92 67 90 44 50 61 15 50 64
62 88 46 9 24 66 100 64 48 11 63 43 86 86 30 68 60 14 40 60 52 63 36 30 91 79 64 96 18 59 99 93 26 60 10 17 81 12 3 82 80 60 6 48 48 38 32 40 24 99 30 77 76 77 83 60 46 69 20 36 66 69 73 36 10 21 95 42 2 12 54 97 2 23 31 29 42 43 85 48 39 0 30 15 74 49 97 38 85 23 42 98 54 32 38 17
76 7 33 97 78 75 13 60 64 60 78 100 94 60 90 60 32 83 90 46 15 67 9 44 44 82 77 71 85 42 83 7 95 92 17 25 82 72 87 24 65 24 40 15 54 28 22 97 63 5 16 76 70 13 3 89 17 3 98 99 59 56 55 80 39 79 86 49 49 25 40 1 52 43 36 96 88 30 54 91 3 92 0 47 11 2 87 25 57 11 60 29 95 59 95 93
2 6 34 85 63 39 52 46 70 14 84 26 8 90 10 8 20 34 31 68 2 56 56 63 94 98 59 68 74 66 59 100 52 49 9 79 92 98 35 95 13 76 94 2 98 50 61 32 1 12 78 67 29 62 54 56 44 99 79 21 28 99 65 25 72 95 100 21 44 82 31 15 0 92 41 3 28 69 29 55 31 55 6 0 98 66 4 43 30 29 7 1 9 97 35 4
70 11 13 67 10 75 12 77 23 97 30 1 4 79 53 87 62 69 63 47 10 11 50 39 17 92 18 66 77 43 1 59 38 62 23 83 57 59 26 16 61 40 50 53 12 0 95 89 70 82 72 34 37 37 37 34 0 35 28 91 92 82 32 8 60 51 49 14 26 74 73 22 43 80 21 73 75 7 14 96 30 19 85 66 0 6 84 13 0 83 78 33 62 17 56 93
77 31 62 70 100 69 55 17 47 15 47 83 2 2 38 85 92 64 2 53 94 40 4 33 36 47 69 80 74 37 67 81 11 91 41 34 56 60 58 4 48 94 65 64 76 78 99 42 20 11 34 93 8 56 21 100 56 22 6 93 77 62 41 44 11 73 48 24 79 63 95 57 19 94 94 32 26 31 40 53 98 72 66 64 37 0 8 39 92 15 29 75 36 43 84 45
0 21 99 38 43 55 16 34 39 12 98 97 39 68 34 88 61 30 75 24 70 3 11 89 22 41 45 38 93 62 97 29 85 2 2 59 65 57 0 13 70 99 82 23 3 4 26 87 87 38 93 8 10 15 41 69 44 45 28 99 7 40 68 20 67 23 83 45 40 94 31 20 86 93 98 45 96 38 15 62 25 8 31 23 15 76 0 71 36 84 80 51 88 89 18 79
21 39 78 66 90 85 16 31 14 64 18 56 47 93 49 5 39 14 71 5 27 99 2 94 52 72 75 53 95 4 14 58 53 44 56 4 57 43 43 41 32 2 99 34 83 76 12 96 32 47 64 13 59 88 30 3 5 1 31 7 0 91 64 88 96 91 87 88 39 23 52 75 19 54 33 36 32 36 40 35 31 18 45 98 99 72 77 0 4 7 7 5 66 48 85 49
90 34 33 27 5 57 37 21 82 5 87 98 56 100 48 85 100 9 81 31 80 33 21 66 17 43 32 0 24 76 37 9 30 73 45 91 96 99 82 5 81 74 90 13 19 58 85 15 53 79 31 66 10 2 82 14 1 49 71 19 90 96 49 74 93 49 93 26 57 94 80 32 91 20 8 85 69 39 12 53 14 100 48 94 15 56 54 44 0 99 29 67 37 70 92 1
95 12 10 100 13 93 28 43 65 48 96 27 97 52 21 12 96 86 15 19 94 95 70 32 93 90 56 84 22 9 91 17 62 53 51 14 17 90 4 37 52 99 79 58 100 29 33 3 73 77 38 88 23 17 58 82 91 15 99 93 18 68 37 26 31 73 95 4 38 48 72 20 38 68 71 63 97 19 49 12 98 9 9 82 100 72 34 29 69 0 54 37 24 73 30 56
92 60 93 56 71 6 24 50 21 11 5 97 35 0 76 17 53 58 37 15 83 89 91 53 37 13 58 55 5 5 36 7 36 44 27 8 26 99 89 21 82 13 6 77 62 42 0 82 76 82 62 65 31 20 38 85 40 67 21 43 81 94 22 3 48 69 21 28 92 15 20 35 38 57 44 92 46 71 17 85 62 43 49 87 89 25 72 29 60 41 0 30 21 97 86 6
30 82 63 65 16 61 93 23 73 80 7 87 30 73 6 5 16 90 30 15 71 45 41 55 54 37 48 71 84 88 37 90 81 68 41 29 32 60 13 78 59 22 68 19 70 37 22 10 64 99 38 76 62 64 90 89 97 5 15 12 44 28 94 25 77 49 7 88 44 64 48 8 24 6 75 74 72 23 68 21 29 25 88 40 5 88 13 29 39 39 32 0 37 64 14 90
53 39 50 72 93 12 66 10 83 85 71 19 0 5 78 51 3 10 42 56 99 70 35 82 42 1 85 23 52 29 85 47 36 76 88 60 27 37 40 34 6 6 92 66 40 32 4 11 67 100 80 18 80 54 82 14 44 80 91 38 54 98 64 37 23 26 67 13 42 88 50 88 59 8 28 89 37 14 94 13 49 76 3 95 21 14 88 1 57 76 80 100 0 53 2 73
45 13 95 54 61 81 80 54 61 76 10 47 37 22 13 2 73 50 45 76 54 60 34 9 96 17 64 75 66 56 15 73 19 12 34 18 83 47 34 24 95 31 82 47 69 0 50 17 79 21 35 75 72 86 53 71 92 49 68 12 12 65 40 86 75 35 91 44 38 71 27 78 55 72 88 15 62 14 15 92 94 11 0 49 4 80 89 35 44 48 62 63 7 0 22 55
58 93 92 24 16 87 17 52 84 77 57 44 42 83 21 62 16 40 45 17 72 20 39 22 33 83 73 65 50 100 77 20 95 14 41 85 96 17 31 92 90 34 87 50 35 1 16 27 32 39 89 87 65 16 73 43 51 88 27 1 22 27 69 69 19 21 29 73 60 79 37 68 55 83 98 38 13 12 67 43 52 30 70 7 92 85 40 11 78 100 33 51 50 51 0 85
33 47 93 94 44 60 76 69 87 100 11 21 34 58 57 0 73 89 4 27 98 87 78 99 16 79 5 40 70 51 77 7 57 14 78 49 87 45 99 34 20 60 37 8 67 75 65 88 14 40 63 20 2 5 73 59 52 55 72 23 17 4 54 67 15 33 21 33 40 53 78 46 93 78 83 93 33 24 51 33 25 70 2 76 95 54 51 20 96 75 4 73 51 3 29 0
